#stationName Lon Lat Height(m) start_of_station_installation End
CBRN 114.4403462691 -7.8382992108 99.89978 20100101 99999999
CBTU 107.0963704253 -6.3083191942 64.59050 20100805 99999999
CCIR 108.5609075805 -6.7161351697 37.03717 20100107 99999999
CGON 106.0522465460 -6.0207728122 41.22097 20101222 99999999
CJKT 106.8845313238 -6.1101105079 32.20461 20100708 99999999
CJPR 110.6667548473 -6.5962014286 32.92067 20101124 99999999
CLMG 112.3265229140 -7.0925963488 39.56507 20101210 99999999
CMJT 112.4416148880 -7.4655791581 53.74782 20101201 99999999
CPAI 113.5304198078 -7.7187532984 44.15000 20101204 99999999
CPAS 112.9010362441 -7.6514075145 43.33805 20101203 99999999
CPKL 109.6694425263 -6.8870135368 38.99025 20101111 99999999
CPSR 105.8336208077 -6.2260140769 30.77480 20100101 99999999
CPWD 110.9142069526 -7.0960795406 54.91383 20101211 99999999
CROL 107.9845915566 -6.3125479446 32.20371 20101211 99999999
CSBY 112.7243661267 -7.3343349621 51.24221 20100109 99999999
CSEM 110.3769383426 -6.9872694696 37.70691 20100113 99999999
CSIT 114.0128821943 -7.7033184690 72.28055 20101206 99999999
CTBN 111.9864350069 -6.8722544174 36.15993 20101126 99999999
CTGL 109.1360693947 -6.8711884131 44.84572 20101111 99999999
CTGR 106.6638042672 -6.2908318536 66.34162 20101217 99999999
